Tanggal,Toko,MASUK CASH,KREDIT BCA,DEBIT BCA,QRIS BCA,MASUK GO-BIZ,MASUK OVO
17/08/2025,LA.PIAZZA,,,,"16,642,039.53 ","42,200.00 ","395,520.00 "
18/08/2025,LA.PIAZZA,,"11,280,519.00 ","6,023,663.07 ","10,388,716.37 ",,"164,240.00 "
19/08/2025,LA.PIAZZA,,"1,645,961.00 ","2,133,041.37 ","4,775,078.83 ","73,700.00 ","326,480.00 "
20/08/2025,LA.PIAZZA,"105,105.00","4,822,126.00 ","1,561,652.57 ","8,491,177.77 ","99,800.00 ","135,520.00 "
21/08/2025,LA.PIAZZA,,"2,090,472.00 ","3,256,427.50 ","4,804,903.61 ","76,400.00 ","120,560.00 "
22/08/2025,LA.PIAZZA,,"3,676,474.00 ","3,030,206.16 ","11,230,631.43 ","110,600.00 ","161,040.00 "
23/08/2025,LA.PIAZZA,,"3,256,261.00 ","4,759,149.30 ","19,836,312.01 ","67,400.00 ","119,040.00 "
24/08/2025,LA.PIAZZA,,"4,775,576.00 ","4,067,703.74 ","13,451,783.76 ","315,600.00 ","35,520.00 "
25/08/2025,LA.PIAZZA,,"961,924.00 ","2,077,015.22 ","6,208,449.52 ","127,700.00 ","288,320.00 "
26/08/2025,LA.PIAZZA,,"4,162,130.00 ","1,622,414.07 ","6,246,208.34 ",,"473,120.00 "
27/08/2025,LA.PIAZZA,,"3,091,421.00 ","1,524,302.37 ","6,733,384.06 ","37,700.00 ","66,880.00 "
28/08/2025,LA.PIAZZA,,"4,368,557.00 ","2,974,143.66 ","11,831,168.03 ","150,100.00 ",
29/08/2025,LA.PIAZZA,,"3,417,087.00 ","1,079,764.56 ","11,837,950.23 ","402,618.00 ","216,480.00 "
30/08/2025,LA.PIAZZA,,"3,119,850.00 ","4,737,382.78 ","17,905,458.27 ",,"378,400.00 "
31/08/2025,LA.PIAZZA,"159,390.00","4,174,085.00 ","3,106,212.08 ","7,571,332.09 ","189,800.00 ","479,600.00 "
01/09/2025,LA.PIAZZA,,"950,400.00 ","2,091,569.42 ","6,892,278.95 ","189,518.00 ","220,000.00 "
02/09/2025,LA.PIAZZA,,"908,565.00 ","1,990,199.83 ","7,742,331.65 ","156,400.00 ","110,000.00 "
03/09/2025,LA.PIAZZA,,"4,096,978.00 ","1,703,441.37 ","8,273,174.56 ","70,900.00 ","125,840.00 "
04/09/2025,LA.PIAZZA,,"2,180,663.00 ","1,653,955.97 ","15,986,609.90 ","274,545.00 ","437,360.00 "
05/09/2025,LA.PIAZZA,,"5,807,617.00 ","3,610,530.91 ","14,871,753.88 ","110,600.00 ",
06/09/2025,LA.PIAZZA,,"4,565,321.00 ","2,262,947.76 ","12,010,935.79 ","39,500.00 ","58,080.00 "
07/09/2025,LA.PIAZZA,,"3,619,659.00 ","3,056,989.17 ","15,543,915.61 ","92,600.00 ",
08/09/2025,LA.PIAZZA,"218,295.00","2,581,864.00 ","3,016,432.91 ","6,798,028.37 ","310,400.00 ","123,200.00 "
09/09/2025,LA.PIAZZA,,"3,034,375.00 ","1,636,332.39 ","4,651,922.01 ","307,050.00 ","183,920.00 "
10/09/2025,LA.PIAZZA,,"1,517,789.00 ","573,981.30 ","6,437,082.79 ","169,100.00 ","286,880.00 "
11/09/2025,LA.PIAZZA,,"2,783,799.00 ","1,213,392.19 ","5,284,477.90 ","39,500.00 ","305,360.00 "
12/09/2025,LA.PIAZZA,,"3,590,019.00 ","4,119,035.96 ","6,873,943.21 ",,"30,800.00 "
13/09/2025,LA.PIAZZA,,"5,167,437.00 ","4,854,150.76 ","16,519,552.99 ","114,200.00 ","68,640.00 "
14/09/2025,LA.PIAZZA,,"4,523,372.00 ","3,963,865.30 ","15,205,972.86 ","257,200.00 ","303,280.00 "
15/09/2025,LA.PIAZZA,,"4,035,645.00 ","5,723,484.70 ","5,006,959.23 ","215,736.00 ",
16/09/2025,LA.PIAZZA,,"1,249,618.00 ","1,616,850.43 ","7,112,670.35 ",,"452,240.00 "
17/09/2025,LA.PIAZZA,,"2,655,493.00 ","975,679.31 ","4,629,549.73 ","108,718.00 ","118,800.00 "
18/09/2025,LA.PIAZZA,,"1,135,566.00 ","769,548.21 ","5,309,799.41 ","80,818.00 ","30,800.00 "
19/09/2025,LA.PIAZZA,,"2,327,305.00 ","2,095,812.44 ","10,774,993.37 ","131,200.00 ","49,920.00 "
20/09/2025,LA.PIAZZA,,"5,328,963.00 ","4,242,358.21 ","10,860,733.96 ","255,200.00 ","37,840.00 "
21/09/2025,LA.PIAZZA,,"7,900,500.00 ","5,085,685.56 ","15,574,107.75 ","384,000.00 ","381,760.00 "
22/09/2025,LA.PIAZZA,"105,105.00","4,062,542.00 ","522,860.17 ","6,933,647.35 ","151,100.00 ","186,560.00 "
23/09/2025,LA.PIAZZA,"78,540.00","1,922,574.00 ","1,126,215.67 ","7,617,725.04 ","76,400.00 ","127,600.00 "
24/09/2025,LA.PIAZZA,,"1,822,168.00 ","676,913.75 ","4,231,302.12 ","152,900.00 ","270,160.00 "
25/09/2025,LA.PIAZZA,,"2,303,540.00 ","1,135,507.84 ","6,984,689.52 ","241,000.00 ","49,920.00 "
26/09/2025,LA.PIAZZA,,"5,552,468.00 ","2,713,363.92 ","6,966,495.77 ","64,700.00 ",
27/09/2025,LA.PIAZZA,,"3,701,916.00 ","2,649,883.07 ","13,558,973.13 ","169,520.00 ","151,000.00 "
28/09/2025,LA.PIAZZA,"110,880.00","6,896,760.00 ","5,416,624.43 ","16,269,823.41 ","26,900.00 ",
29/09/2025,LA.PIAZZA,"121,275.00","3,328,233.00 ","1,211,076.99 ","4,726,774.35 ","159,100.00 ","58,080.00 "
30/09/2025,LA.PIAZZA,"107,415.00","986,538.00 ","2,588,377.53 ","6,736,417.68 ",,"400,080.00 "
01/10/2025,LA.PIAZZA,,"7,346,406.00 ","1,993,065.12 ","6,354,897.14 ","90,800.00 ","303,600.00 "
02/10/2025,LA.PIAZZA,,"2,740,476.00 ","1,498,313.12 ","8,883,874.52 ","61,100.00 ","233,760.00 "
03/10/2025,LA.PIAZZA,,"1,917,724.00 ","2,036,821.05 ","17,769,536.41 ","37,700.00 ","361,680.00 "
04/10/2025,LA.PIAZZA,,"4,809,921.00 ","5,019,169.15 ","21,598,494.76 ","153,373.00 ","590,480.00 "
05/10/2025,LA.PIAZZA,,"3,926,076.00 ","4,971,092.29 ","15,284,012.73 ","115,000.00 ","113,520.00 "
06/10/2025,LA.PIAZZA,,"2,660,130.00 ","2,398,919.25 ","5,064,806.45 ","30,500.00 ","156,640.00 "
07/10/2025,LA.PIAZZA,,"3,597,445.00 ","1,059,312.30 ","4,279,899.52 ","188,900.00 ","146,960.00 "
08/10/2025,LA.PIAZZA,,"4,722,288.00 ","560,978.31 ","7,086,360.80 ",,"182,720.00 "
09/10/2025,LA.PIAZZA,,"4,870,170.00 ","1,029,411.08 ","10,050,297.01 ",,"237,200.00 "
10/10/2025,LA.PIAZZA,,"2,819,465.00 ","4,661,689.70 ","6,846,243.48 ",,"191,520.00 "
11/10/2025,LA.PIAZZA,,"4,586,546.00 ","5,409,492.26 ","16,680,001.92 ","254,400.00 ",
12/10/2025,LA.PIAZZA,,"3,737,620.00 ","3,657,757.47 ","11,503,423.41 ","421,900.00 ","145,760.00 "
13/10/2025,LA.PIAZZA,,"1,794,406.00 ","2,090,272.81 ","5,492,516.37 ",,
14/10/2025,LA.PIAZZA,,"3,169,728.00 ","1,742,851.69 ","7,100,808.95 ",,"154,560.00 "
15/10/2025,LA.PIAZZA,,"3,571,618.00 ","1,610,267.53 ","5,659,906.39 ","87,200.00 ","279,840.00 "
16/10/2025,LA.PIAZZA,,"2,788,063.00 ","1,423,015.86 ","6,311,289.56 ","147,400.00 ","330,880.00 "
17/10/2025,LA.PIAZZA,,"5,089,082.00 ","2,124,527.80 ","6,690,258.08 ",,"296,560.00 "
18/10/2025,LA.PIAZZA,"207,900.00","7,063,241.00 ","5,865,283.02 ","23,562,082.75 ","220,493.00 ","27,280.00 "
19/10/2025,LA.PIAZZA,"151,305.00","6,609,757.00 ","2,711,450.29 ","12,324,271.96 ","122,200.00 ","161,600.00 "
20/10/2025,LA.PIAZZA,,"2,890,084.00 ","1,447,653.91 ","8,017,129.51 ",,"27,280.00 "
21/10/2025,LA.PIAZZA,"122,430.00","2,965,671.00 ","1,745,991.68 ","7,369,246.65 ",,"27,280.00 "
22/10/2025,LA.PIAZZA,,"2,586,525.00 ","1,548,886.19 ","4,282,014.61 ",,
23/10/2025,LA.PIAZZA,,"2,362,588.00 ","945,679.35 ","7,755,071.83 ","163,500.00 ","347,600.00 "
24/10/2025,LA.PIAZZA,,"1,847,483.00 ","2,400,977.36 ","6,637,991.52 ","106,900.00 ","288,320.00 "
25/10/2025,LA.PIAZZA,,"9,227,330.00 ","4,331,849.44 ","14,369,703.01 ","64,700.00 ",
26/10/2025,LA.PIAZZA,,"6,192,343.00 ","4,881,695.45 ","13,736,181.93 ",,"88,000.00 "
27/10/2025,LA.PIAZZA,,"1,628,422.00 ","785,055.24 ","4,073,529.30 ","82,700.00 ","165,440.00 "
28/10/2025,LA.PIAZZA,,"4,104,960.00 ","1,275,527.72 ","6,887,567.18 ","76,400.00 ","280,720.00 "
29/10/2025,LA.PIAZZA,,"3,006,043.00 ","2,098,623.95 ","4,482,630.42 ","115,100.00 ","200,640.00 "
30/10/2025,LA.PIAZZA,,"2,056,932.00 ","371,641.47 ","4,156,246.19 ","98,000.00 ","189,200.00 "
31/10/2025,LA.PIAZZA,,"2,261,508.00 ","2,811,168.37 ","7,056,133.90 ","352,600.00 ","88,000.00 "
01/11/2025,LA.PIAZZA,,"5,901,303.00 ","6,578,739.67 ","19,016,570.63 ","64,700.00 ","257,520.00 "
02/11/2025,LA.PIAZZA,,"5,372,537.00 ","3,016,283.66 ","16,187,071.76 ","83,600.00 ",
03/11/2025,LA.PIAZZA,,"1,691,463.00 ","727,878.12 ","5,591,185.81 ","92,600.00 ","72,160.00 "
04/11/2025,LA.PIAZZA,,"1,178,679.00 ","2,920,689.99 ","7,624,700.87 ",,"256,960.00 "
05/11/2025,LA.PIAZZA,,"2,959,713.00 ","1,696,628.41 ","5,051,577.70 ",,"60,720.00 "
06/11/2025,LA.PIAZZA,"99,330.00","3,846,926.00 ","2,766,451.95 ","5,343,283.36 ",,"238,160.00 "
07/11/2025,LA.PIAZZA,,"1,841,065.00 ","3,178,059.17 ","10,421,187.47 ",,
08/11/2025,LA.PIAZZA,,"4,324,020.00 ","4,904,030.35 ","23,754,272.93 ","101,273.00 ","271,040.00 "
09/11/2025,LA.PIAZZA,,"5,996,567.00 ","4,907,038.46 ","18,532,885.30 ",,"30,800.00 "
10/11/2025,LA.PIAZZA,,"2,786,292.00 ","660,381.00 ","7,175,373.34 ","162,636.00 ","46,640.00 "
11/11/2025,LA.PIAZZA,,"3,700,907.00 ","1,355,569.80 ","6,696,489.14 ",,"127,280.00 "
12/11/2025,LA.PIAZZA,,"2,577,343.00 ","976,989.12 ","6,919,482.20 ",,"27,280.00 "
13/11/2025,LA.PIAZZA,,"2,451,242.00 ","1,394,099.40 ","5,861,346.37 ",,"27,280.00 "
14/11/2025,LA.PIAZZA,,"2,575,658.00 ","2,011,004.71 ","14,025,707.95 ","533,300.00 ","154,000.00 "
15/11/2025,LA.PIAZZA,,"8,151,650.00 ","3,589,455.91 ","16,831,558.54 ","102,273.00 ","68,640.00 "
16/11/2025,LA.PIAZZA,"339,570.00","8,099,979.00 ","3,315,982.03 ","15,230,912.05 ","191,273.00 ","148,720.00 "
17/11/2025,LA.PIAZZA,,"1,532,593.00 ","1,848,497.52 ","6,751,114.09 ",,"260,000.00 "
18/11/2025,LA.PIAZZA,,"2,034,715.00 ","1,541,176.56 ","7,289,940.70 ",,
19/11/2025,LA.PIAZZA,,"2,487,031.00 ","1,488,425.99 ","10,311,138.24 ","158,200.00 ","27,280.00 "
20/11/2025,LA.PIAZZA,,"2,157,212.00 ","3,939,544.01 ","10,470,604.10 ","139,400.00 ","61,600.00 "
21/11/2025,LA.PIAZZA,"364,980.00","2,961,510.00 ","3,130,734.52 ","9,784,604.95 ","105,200.00 ",
22/11/2025,LA.PIAZZA,,"5,624,335.00 ","10,196,749.96 ","20,273,768.21 ","291,400.00 ","27,280.00 "
23/11/2025,LA.PIAZZA,,"6,064,902.00 ","4,008,720.12 ","14,788,922.80 ","212,900.00 ",
24/11/2025,LA.PIAZZA,,"3,516,007.00 ","2,357,280.54 ","5,184,299.11 ","143,193.00 ","400,000.00 "
25/11/2025,LA.PIAZZA,,"3,137,744.00 ","2,625,556.98 ","8,066,526.29 ",,"204,160.00 "
26/11/2025,LA.PIAZZA,,"3,795,251.00 ","1,056,049.43 ","9,686,675.29 ",,"198,000.00 "
27/11/2025,LA.PIAZZA,,"2,883,362.00 ","1,392,632.00 ","7,407,020.38 ",,"88,880.00 "
28/11/2025,LA.PIAZZA,,"5,036,689.00 ","3,006,566.07 ","10,217,592.67 ","101,273.00 ","61,600.00 "
29/11/2025,LA.PIAZZA,,"8,823,515.00 ","3,410,112.10 ","19,251,439.97 ","113,300.00 ","27,280.00 "
30/11/2025,LA.PIAZZA,,"3,329,753.00 ","4,317,976.86 ","16,086,722.15 ","116,900.00 ",
01/12/2025,LA.PIAZZA,,"4,394,066.00 ","845,908.15 ","5,974,518.57 ","37,700.00 ","99,440.00 "
02/12/2025,LA.PIAZZA,,"1,641,942.00 ","877,820.81 ","10,337,606.67 ",,"471,920.00 "
03/12/2025,LA.PIAZZA,,"3,346,361.00 ","1,331,699.46 ","7,233,160.97 ",,"147,840.00 "
04/12/2025,LA.PIAZZA,,"2,056,132.00 ","2,678,276.77","12,408,607.45 ",,
05/12/2025,LA.PIAZZA,,"6,945,039.00 ","3,530,429.92 ","13,078,959.92 ","74,600.00 ","613,040.00 "
06/12/2025,LA.PIAZZA,,"6,642,547.00 ","2,867,183.97 ","19,938,437.08 ","158,118.00 ","315,280.00 "
07/12/2025,LA.PIAZZA,,"6,953,408.00 ","2,935,563.60 ","15,220,257.16 ",,"162,800.00 "
08/12/2025,LA.PIAZZA,,"7,259,165.00 ","3,117,362.91 ","5,447,081.67 ","87,200.00 ","170,720.00 "
09/12/2025,LA.PIAZZA,,"6,319,618.00 ","1,464,165.46 ","10,036,856.75 ","80,818.00 ","68,640.00 "
10/12/2025,LA.PIAZZA,,"1,194,155.00 ","1,028,916.73 ","10,896,000.34 ","93,500.00 ","78,320.00 "
11/12/2025,LA.PIAZZA,,"2,414,719.00 ","2,656,214.72 ","9,582,484.77 ","72,800.00 ","72,160.00 "
12/12/2025,LA.PIAZZA,,"10,757,782.00 ","4,008,854.28 ","16,234,477.58 ",,"66,000.00 "
13/12/2025,LA.PIAZZA,,"7,349,534.00 ","8,562,020.20 ","18,271,334.07 ","172,500.00 ",
14/12/2025,LA.PIAZZA,,"5,660,743.00 ","3,816,104.99 ","16,565,335.25 ","236,400.00 ","88,000.00 "
15/12/2025,LA.PIAZZA,,"1,376,391.00 ","444,007.99 ","8,104,667.42 ",,"96,800.00 "
16/12/2025,LA.PIAZZA,,"2,856,883.00 ","884,556.18 ","10,285,260.65 ","26,900.00 ","116,160.00 "
17/12/2025,LA.PIAZZA,,"6,823,419.00 ","2,193,889.59 ","9,616,931.95 ",,"406,560.00 "
18/12/2025,LA.PIAZZA,,"3,163,288.00 ","4,249,214.53 ","8,595,969.05 ","61,100.00 ","140,800.00 "
19/12/2025,LA.PIAZZA,,"6,062,646.00 ","4,156,864.06 ","11,697,708.83 ","63,000.00 ",
20/12/2025,LA.PIAZZA,,"5,010,657.00 ","6,141,111.93 ","24,697,394.55 ",,
21/12/2025,LA.PIAZZA,,"6,919,137.00 ","5,481,174.61 ","18,901,665.64 ","152,900.00 ",
22/12/2025,LA.PIAZZA,"51,975.00 ","6,780,213.00 ","3,925,532.66 ","6,931,120.16 ","151,818.00 ","107,360.00 "
23/12/2025,LA.PIAZZA,,"6,833,857.00 ","3,508,030.11 ","9,682,023.09 ",,
24/12/2025,LA.PIAZZA,"295,680.00 ","3,252,057.00 ","3,993,232.66 ","10,243,797.96 ","171,700.00 ",
25/12/2025,LA.PIAZZA,,"7,553,283.00 ","3,601,269.15 ","17,629,652.51 ","214,900.00 ","72,160.00 "
26/12/2025,LA.PIAZZA,,"5,339,764.00 ","6,217,550.99 ","17,859,944.10 ",,
27/12/2025,LA.PIAZZA,"358,050.00 ","5,835,195.00 ","6,029,462.97 ","21,269,176.24 ",,
28/12/2025,LA.PIAZZA,,"1,539,385.00 ","1,850,429.55 ","13,527,852.51 ",,
29/12/2025,LA.PIAZZA,,"3,008,267.00 ","3,558,922.88 ","14,347,683.23 ",,
30/12/2025,LA.PIAZZA,,"4,004,069.00 ","6,545,199.63 ","12,999,943.91 ","219,318.00 ","307,120.00 "
31/12/2025,LA.PIAZZA,,,,"26,309,584.67",,
01/01/2026,LA.PIAZZA,,,,,,
02/01/2026,LA.PIAZZA,,,,,,
03/01/2026,LA.PIAZZA,,"6,394,035.00 ","7,341,795.88 ","20,677,065.25 ","173,500.00 ","42,240.00 "
04/01/2026,LA.PIAZZA,"379,995.00 ","5,650,447.00 ","4,908,981.66 ","15,390,134.63 ",,"136,400.00 "
05/01/2026,LA.PIAZZA,,"2,399,649.00 ","1,797,714.77 ","7,797,189.93 ","70,100.00 ","141,680.00 "
06/01/2026,LA.PIAZZA,,"4,140,341.00 ","3,353,365.20 ","7,784,112.11 ",,"132,880.00 "
07/01/2026,LA.PIAZZA,"42,735.00 ","3,741,002.00 ","1,897,084.35 ","7,061,257.77 ","219,300.00 ","111,760.00 "
08/01/2026,LA.PIAZZA,,"3,210,739.00 ","6,281,236.55 ","6,270,626.20 ","142,000.00 ","112,640.00 "
09/01/2026,LA.PIAZZA,"1,275,000.00 ","4,149,807.00 ","1,931,354.11 ","12,200,057.60 ",,"430,320.00 "
10/01/2026,LA.PIAZZA,,"7,537,258.00 ","5,532,946.66 ","22,065,875.04 ","346,100.00 ","293,920.00 "
11/01/2026,LA.PIAZZA,,"8,962,935.00 ","3,948,687.47 ","15,651,224.12 ","287,473.00 ","160,160.00 "
12/01/2026,LA.PIAZZA,,"1,558,749.00 ","708,598.83 ","5,540,850.65 ",,"194,480.00 "
13/01/2026,LA.PIAZZA,"103,950.00 ","3,809,032.00 ","2,177,158.81 ","8,913,599.96 ",,"271,040.00 "
14/01/2026,LA.PIAZZA,,"2,630,888.00 ","2,047,850.68 ","4,428,268.62 ","54,800.00 ","24,640.00 "
15/01/2026,LA.PIAZZA,,"4,484,493.00 ","2,439,953.09 ","11,011,233.02 ","704,300.00 ",
16/01/2026,LA.PIAZZA,,"5,207,638.00 ","3,570,544.74 ","16,387,424.40 ","456,700.00 ","31,680.00 "
17/01/2026,LA.PIAZZA,,"7,895,160.00 ","9,011,206.62 ","24,514,935.76 ","284,000.00 ","297,440.00 "
18/01/2026,LA.PIAZZA,,"1,651,997.00 ","588,538.34 ","2,852,898.95 ","61,100.00 ","316,800.00 "
19/01/2026,LA.PIAZZA,,"2,460,203.00 ","1,761,184.99 ","6,393,817.78 ","99,800.00 ","125,840.00 "
20/01/2026,LA.PIAZZA,,"1,477,129.00 ","1,865,206.03 ","7,111,573.09 ","193,300.00 ","107,360.00 "
21/01/2026,LA.PIAZZA,,"1,620,032.00 ","234,012.21 ","4,689,080.06 ","335,791.00 ","45,760.00 "
22/01/2026,LA.PIAZZA,,"62,255.00 ","382,594.91 ","4,966,524.27 ",,"214,016.00 "
23/01/2026,LA.PIAZZA,,"2,049,886.00 ","2,779,150.02 ","7,166,074.88 ","316,500.00 ","159,280.00 "
24/01/2026,LA.PIAZZA,,"15,054,701.00 ","6,360,381.41 ","19,171,071.52 ","205,100.00 ",
25/01/2026,LA.PIAZZA,"108,570.00 ","4,648,875.00 ","3,496,178.65 ","18,282,669.16 ","352,500.00 ","227,040.00 "
26/01/2026,LA.PIAZZA,,"1,228,112.00 ","1,754,394.19 ","5,751,838.32 ","83,600.00 ",
27/01/2026,LA.PIAZZA,,"2,239,414.00 ","3,923,893.59 ","8,193,585.60 ",,"42,240.00 "
28/01/2026,LA.PIAZZA,,"2,523,214.00 ","2,539,904.06 ","13,185,927.86 ","147,500.00 ","70,400.00 "
29/01/2026,LA.PIAZZA,,"1,266,595.00 ","3,367,925.20 ","8,894,922.63 ",,
30/01/2026,LA.PIAZZA,,"2,575,072.00 ","3,299,608.27 ","14,544,952.62 ","366,636.00 ",
31/01/2026,LA.PIAZZA,,"7,520,023.00","2,787,504.66","20,038,529.50","283,100.00",
01/02/2026,LA.PIAZZA,,"4,470,998.00","3,925,038.24","18,410,289.53","179,600.00","380,160.00"
02/02/2026,LA.PIAZZA,,"1,305,498.00","1,294,063.14","5,543,993.48","752,427.00","267,520.00"
03/02/2026,LA.PIAZZA,,"1,268,174.00","2,730,697.18","7,647,500.15","253,582.00",
04/02/2026,LA.PIAZZA,,"1,524,228.00","2,375,259.77","5,760,477.43","265,200.00","81,840.00"
05/02/2026,LA.PIAZZA,"152,460.00","1,884,896.00","2,648,370.77","7,678,595.95","55,700.00","308,000.00"
06/02/2026,LA.PIAZZA,,"3,190,901.00","2,136,356.15","10,092,325.73","138,400.00","423,760.00"
07/02/2026,LA.PIAZZA,,"5,090,794.00","3,012,488.91","19,681,761.48","70,100.00","350,240.00"
08/02/2026,LA.PIAZZA,"162,855.00","5,836,178.00","3,822,858.86","15,531,752.34",,
09/02/2026,LA.PIAZZA,,"2,026,253.00","1,612,263.92","11,953,506.62","191,273.00","311,520.00"
10/02/2026,LA.PIAZZA,,"2,781,082.00 ","1,448,993.35 ","7,894,141.48 ","125,000.00 ","103,840.00 "
11/02/2026,LA.PIAZZA,,"3,015,051.00 ","2,186,376.88 ","7,089,128.32 ","168,100.00 ","127,600.00 "
12/02/2026,LA.PIAZZA,"553,245.00 ","2,681,414.00 ","800,275.24 ","7,447,559.60 ","240,200.00 ",
13/02/2026,LA.PIAZZA,,"4,864,840.00 ","2,722,187.21 ","9,044,189.41 ",,"208,240.00 "
14/02/2026,LA.PIAZZA,"108,570.00 ","4,608,161.00 ","4,223,446.26 ","19,149,031.88 ","198,700.00 ","29,040.00 "
15/02/2026,LA.PIAZZA,,"6,078,404.00 ","4,475,877.94 ","21,778,520.70 ",,"183,040.00 "
16/02/2026,LA.PIAZZA,"284,280.00 ","1,352,891.00 ","4,751,473.70 ","13,408,339.99 ",,"85,360.00 "
17/02/2026,LA.PIAZZA,,"2,760,307.00 ","2,511,192.34 ","18,563,287.00 ","65,600.00 ",
18/02/2026,LA.PIAZZA,,"2,056,512.00 ","1,070,549.88 ","5,983,217.25 ","182,600.00 ","232,320.00 "
19/02/2026,LA.PIAZZA,,"1,751,433.00 ","2,019,366.21 ","8,680,925.18 ","77,300.00 ","69,520.00 "
20/02/2026,LA.PIAZZA,,"2,343,727.00 ","1,255,953.11 ","7,893,551.64 ","225,225.00 ","124,080.00 "
21/02/2026,LA.PIAZZA,"225,225.00 ","5,505,635.00 ","5,472,961.41 ","15,488,307.58 ","70,100.00 ","60,720.00 "
22/02/2026,LA.PIAZZA,,"3,629,296.00 ","1,628,952.52 ","9,026,226.03 ",,"301,520.00 "
23/02/2026,LA.PIAZZA,,"3,821,302.33 ","454,477.37 ","3,307,412.00 ","55,700.00 ",
24/02/2026,LA.PIAZZA,,"1,337,264.00 ","1,151,023.92 ","6,194,468.07 ",,"78,320.00 "
25/02/2026,LA.PIAZZA,,"1,709,752.00 ","3,799,214.93 ","7,710,312.36 ",,"127,600.00 "
26/02/2026,LA.PIAZZA,,"3,686,079.00 ","1,709,283.93 ","5,430,742.84 ","313,900.00 ","29,040.00 "
27/02/2026,LA.PIAZZA,,"2,734,982.00 ","3,229,240.80 ","9,823,710.29 ",,"32,560.00 "
28/02/2026,LA.PIAZZA,,"5,143,134.00 ","4,460,316.04 ","19,230,418.15 ","140,200.00 ","140,800.00 "
01/03/2026,LA.PIAZZA,,"4,089,134.00 ","1,280,145.96 ","16,054,233.18 ","203,545.00 ","79,200.00 "
02/03/2026,LA.PIAZZA,,"1,329,983.00 ","2,996,899.88 ","6,032,619.00 ",,"126,720.00 "
03/03/2026,LA.PIAZZA,,"2,546,774.00 ","1,877,626.32 ","13,526,055.19 ",,"29,040.00 "
04/03/2026,LA.PIAZZA,,"1,547,568.00 ","466,225.82 ","5,674,875.85 ","565,980.00 ","71,280.00 "
05/03/2026,LA.PIAZZA,"42,735.00 ",,,"10,877,093.64 ",,
06/03/2026,LA.PIAZZA,,"5,698,586.00 ","3,283,904.06 ","11,114,635.11 ",,"72,160.00 "
07/03/2026,LA.PIAZZA,,"3,292,001.00 ","1,779,634.39 ","19,609,297.31 ","165,400.00 ","250,720.00 "
08/03/2026,LA.PIAZZA,,"3,925,990.00 ","2,947,356.44 ","19,007,425.11 ",,"82,720.00 "
09/03/2026,LA.PIAZZA,,"1,868,880.00 ","1,248,419.27 ","5,587,198.92 ",,
10/03/2026,LA.PIAZZA,,"2,656,592.00 ","1,177,498.81 ","6,834,362.23 ","202,300.00 ","125,840.00 "
11/03/2026,LA.PIAZZA,,"1,978,718.00 ","2,531,453.92 ","8,072,947.02 ","53,000.00 ","135,520.00 "
12/03/2026,LA.PIAZZA,,"1,812,102.00 ","3,489,224.33 ","10,058,325.40 ",,"152,240.00 "
13/03/2026,LA.PIAZZA,,"3,071,978.00 ","1,999,202.51 ","12,750,403.02 ",,"179,520.00 "
14/03/2026,LA.PIAZZA,,"3,714,558.00 ","5,674,478.91 ","19,841,564.97 ","170,000.00 ","121,440.00 "
15/03/2026,LA.PIAZZA,,"5,768,157.00 ","7,166,404.29 ","16,022,551.51 ",,
16/03/2026,LA.PIAZZA,,"1,846,332.00 ","1,549,479.28 ","10,765,932.24 ","43,120.00 ","41,300.00 "
17/03/2026,LA.PIAZZA,,"3,124,930.00 ","2,338,431.47 ","10,554,279.25 ",,"847,792.00 "
18/03/2026,LA.PIAZZA,,"3,413,748.61 ","3,575,940.00 ","13,567,637.05 ",,"29,040.00 "
19/03/2026,LA.PIAZZA,,"5,158,764.00 ","3,572,775.95 ","12,945,983.32 ",,"84,480.00 "
20/03/2026,LA.PIAZZA,,"2,942,508.00 ","2,487,513.19 ","8,088,064.46 ","658,191.00 ","100,000.00 "
21/03/2026,LA.PIAZZA,,"4,371,007.00 ","3,010,556.01 ","10,093,746.70 ","340,573.00 ","169,840.00 "
22/03/2026,LA.PIAZZA,,"5,472,116.00 ","3,309,318.95 ","15,065,658.00 ","231,900.00 ","292,160.00 "
23/03/2026,LA.PIAZZA,,"6,597,666.00 ","4,210,766.76 ","15,908,733.85 ","178,000.00 ","162,800.00 "
24/03/2026,LA.PIAZZA,,"5,663,927.00 ","5,774,274.09 ","13,226,352.89 ","48,500.00 ","44,880.00 "
25/03/2026,LA.PIAZZA,,"2,376,354.00 ","2,648,382.09 ","8,536,568.79 ",,"198,880.00 "
26/03/2026,LA.PIAZZA,,"1,757,154.00 ","3,658,125.83 ","9,048,072.03 ","305,473.00 ","29,040.00 "
27/03/2026,LA.PIAZZA,,"1,591,450.00 ","2,324,516.71 ","15,630,033.50 ","196,900.00 ","126,720.00 "
28/03/2026,LA.PIAZZA,,"3,994,804.00 ","10,153,590.49 ","20,980,868.63 ","238,200.00 ","245,520.00 "
29/03/2026,LA.PIAZZA,,"4,325,776.00 ","2,345,351.67 ","16,484,003.57 ","83,600.00 ","221,760.00 "
30/03/2026,LA.PIAZZA,,"1,576,704.00 ","900,922.53 ","7,492,711.31 ","65,600.00 ","42,240.00 "
31/03/2026,LA.PIAZZA,,"2,865,188.00 ","1,816,851.74 ","8,465,608.02 ","188,000.00 ",
01/04/2026,LA.PIAZZA,,"2,356,598.00 ","2,107,288.27 ","7,653,512.76 ","402,673.00 ","321,200.00 "
02/04/2026,LA.PIAZZA,,"1,302,880.00 ","1,770,430.78 ","12,498,483.89 ","127,500.00 ","169,840.00 "
03/04/2026,LA.PIAZZA,"54,285.00 ","6,968,717.00 ","4,035,113.77 ","14,687,498.77 ","54,285.00 ",
04/04/2026,LA.PIAZZA,,"5,370,924.00 ","2,897,821.74 ","19,109,044.76 ","70,100.00 ",
05/04/2026,LA.PIAZZA,,"4,469,165.00 ","4,752,106.64 ","14,316,249.82 ","77,300.00 ","39,600.00 "
06/04/2026,LA.PIAZZA,,"3,455,295.00 ","1,019,666.89 ","5,918,930.44 ","80,000.00 ","135,520.00 "
07/04/2026,LA.PIAZZA,,"2,698,455.00 ","1,865,986.82 ","9,263,642.40 ","107,900.00 ","259,600.00 "
08/04/2026,LA.PIAZZA,,"1,416,123.00 ","2,262,235.43 ","7,943,677.29 ","28,700.00 ",
09/04/2026,LA.PIAZZA,,"1,457,891.00 ","2,300,830.40 ","8,637,441.69 ","133,100.00 ","117,040.00 "
10/04/2026,LA.PIAZZA,,"5,106,270.00 ","3,707,700.99 ","12,801,234.69 ","39,500.00 ","68,640.00 "
11/04/2026,LA.PIAZZA,,,,"26,225,040.65 ","265,300.00 ","58,080.00 "
12/04/2026,LA.PIAZZA,,"11,696,985.00 ","5,134,797.85 ","11,575,242.13 ",,"158,400.00 "